[0m [38;2;0;0;0m      [38;2;75;72;108m▁[38;2;113;117;162m▃[7m[38;2;121;124;169m▀[38;2;146;148;190m▀[0m[38;2;119;120;167m▅[38;2;101;111;161m▆[38;2;120;151;196m▆[38;2;85;94;144m▅[0m [38;2;0;0;0m [0m
 [38;2;0;0;0m     [0m [7m[38;2;116;92;127m▖[0m[38;2;111;85;113;48;2;138;109;134m─[38;2;135;104;126;48;2;154;133;157m▆[38;2;88;74;123;48;2;138;106;128m▁[38;2;116;98;131;48;2;129;132;165m┛[38;2;123;110;139;48;2;138;138;166m▔[38;2;130;152;191;48;2;129;149;186m▔[38;2;119;137;173;48;2;123;141;177m╵[0m[7m[38;2;80;78;125m▝[0m [0m
 [38;2;0;0;0m   [0m [38;2;48;34;86m▂[38;2;100;112;163m▂[38;2;105;120;172m▂[38;2;74;71;127m▁[7m[38;2;43;20;81m▆[38;2;120;90;121m▖[0m[38;2;167;131;145;48;2;148;123;143m╶[38;2;110;95;136;48;2;145;123;144m╵[38;2;110;105;142;48;2;136;126;153m╹[38;2;129;150;186;48;2;126;145;182m╶[38;2;107;112;158;48;2;120;136;174m▕[0m[38;2;54;32;96m▍[0m
[7m[38;2;107;121;164m▀[0m[38;2;121;144;187m▅[38;2;129;157;196m▆[38;2;35;19;63;48;2;128;157;197m▔[38;2;83;87;139;48;2;135;171;213m▔[38;2;131;157;196;48;2;136;175;218m▁[38;2;109;131;173;48;2;131;167;210m┒[38;2;144;194;235;48;2;133;170;212m╶[38;2;114;141;180;48;2;132;167;208m─[38;2;73;67;126;48;2;130;162;203m▔[38;2;57;40;97;48;2;113;136;180m▔[38;2;95;81;132;48;2;129;128;162m┛[38;2;143;124;145;48;2;134;123;149m╵[38;2;135;116;141;48;2;140;136;163m╹[38;2;130;150;186;48;2;134;147;181m╴[38;2;109;120;160;48;2;128;145;180m╸[0m[38;2;54;30;99m▎[0m
[38;2;131;150;186;48;2;125;144;181m╶[38;2;115;130;168;48;2;128;150;187m╺[38;2;131;149;186;48;2;129;149;186m╶[38;2;96;103;147;48;2;127;146;183m╱[38;2;132;163;203;48;2;130;153;191m┮[38;2;97;100;146;48;2;125;144;183m╶[38;2;97;100;149;48;2;130;152;190m▖[38;2;129;150;185;48;2;125;145;182m╴[38;2;131;154;192;48;2;126;147;183m╵[38;2;99;103;152;48;2;126;144;180m▁[38;2;129;151;188;48;2;128;148;185m╵[38;2;130;151;185;48;2;127;146;183m╵[38;2;135;148;182;48;2;128;148;184m╵[38;2;96;107;151;48;2;129;145;180m▁[38;2;111;122;160;48;2;129;147;182m╷[0m[7m[38;2;96;94;132m▗[0m [0m
[38;2;122;141;179;48;2;85;83;136m▊[38;2;86;91;142;48;2;121;139;177m▁[38;2;130;149;186;48;2;128;147;184m╵[38;2;96;102;145;48;2;123;140;177m╴[38;2;129;152;189;48;2;130;150;187m┊[38;2;128;149;185;48;2;129;150;186m╴[38;2;69;56;121;48;2;111;124;166m┖[38;2;89;92;141;48;2;115;135;173m▗[38;2;130;147;184;48;2;86;89;140m▅[38;2;131;158;196;48;2;129;150;188m╴[38;2;130;149;186;48;2;129;149;186m╽[38;2;66;57;117;48;2;109;122;163m┎[38;2;96;108;149;48;2;109;126;164m▏[38;2;129;142;173;48;2;105;114;149m╵[0m[38;2;98;96;128m▀[0m [38;2;0;0;0m [0m
[38;2;68;62;123;48;2;87;106;150m▁[38;2;82;98;144;48;2;64;52;118m▖[38;2;130;149;185;48;2;123;138;174m╵[38;2;129;149;185;48;2;131;148;183m╶[38;2;133;147;180;48;2;129;149;186m▃[38;2;93;98;145;48;2;129;147;183m▗[38;2;67;58;121;48;2;91;104;150m▝[38;2;86;81;130;48;2;125;119;151m▖[38;2;115;118;157;48;2;141;133;159m╶[38;2;158;144;170;48;2;136;141;174m╶[38;2;125;139;173;48;2;134;147;181m╷[38;2;129;150;185;48;2;125;144;181m╴[38;2;83;71;125;48;2;112;121;161m▝[38;2;49;26;90;48;2;76;74;125m▔[0m[38;2;57;33;99m▆[0m [38;2;27;16;48m [0m
[38;2;58;49;107m▔[38;2;64;44;104;48;2;136;116;143m▍[38;2;130;107;137;48;2;149;135;157m╷[38;2;124;93;129;48;2;138;128;155m▁[38;2;127;124;160;48;2;66;39;110m▀[38;2;67;55;116;48;2;84;95;140m▌[38;2;107;120;154;48;2;91;107;147m╶[38;2;63;42;107;48;2;94;101;141m▁[38;2;152;111;130;48;2;64;46;109m▀[38;2;129;91;121;48;2;138;107;131m╸[38;2;86;75;121;48;2;127;119;147m╸[38;2;106;98;135;48;2;143;145;171m▎[38;2;91;77;123;48;2;135;141;172m╷[38;2;131;130;160;48;2;87;75;118m▏[0m[38;2;51;27;89m▊[0m [38;2;0;0;0m [0m
 [7m[38;2;105;73;112m▖[0m[38;2;76;47;106;48;2;138;103;126m╍[0m[38;2;75;53;84m▘[7m[38;2;62;44;90m▖[0m[38;2;79;61;104m▊[38;2;84;70;121m▔[38;2;129;118;146m▂[38;2;77;68;89m▁[7m[38;2;143;91;113m▖[0m[38;2;45;30;55;48;2;155;103;119m▁[0m[7m[38;2;128;98;125m▗[38;2;75;56;98m▏[38;2;72;63;101m▅[0m [38;2;21;14;34m  [0m
 [38;2;35;19;58m▝[38;2;155;122;140;48;2;121;89;121m╶[0m[38;2;91;63;110m▃[38;2;201;195;204;48;2;114;101;133m╴[38;2;75;60;99;48;2;132;123;148m▆[0m[7m[38;2;84;74;107m▔[38;2;67;54;91m┕[0m[38;2;87;69;117m▂[0m    [38;2;16;14;26m    [0m
 [38;2;0;0;0m [7m[38;2;82;59;92m▂[38;2;114;86;117m▁[38;2;96;72;112m▁[38;2;87;70;113m▁[38;2;68;48;99m▆[38;2;62;40;98m▆[38;2;46;31;79m▆[0m [38;2;0;0;0m       [0m
