[0m [38;2;0;0;0m                 [38;2;40;2;18m▁[38;2;48;0;20m▁[38;2;26;2;13m▁[38;2;36;1;15m▂[38;2;48;1;20m▂[38;2;55;33;65m▁[38;2;62;53;90m▃[0m
 [38;2;32;1;15m▁[38;2;48;0;19m▁[38;2;27;1;13m▁           [0m [38;2;55;27;57m▁[38;2;75;77;114m▅[38;2;48;2;25;48;2;69;73;113m▔[38;2;70;75;117;48;2;52;19;49m▆[38;2;48;0;20;48;2;68;73;114m▔[38;2;57;46;84;48;2;69;75;115m▔[38;2;69;74;114;48;2;68;73;112m╵[38;2;54;25;54;48;2;66;66;104m╼[38;2;69;73;113;48;2;66;68;104m╴[0m
[7m[38;2;46;24;34m▍[0m[38;2;59;37;48;48;2;74;77;81m▔[38;2;64;52;59;48;2;80;85;87m╼[38;2;54;23;37;48;2;74;78;81m▔[0m[7m[38;2;67;61;67m▔[0m[38;2;70;66;72m▅[38;2;68;61;67m▃[38;2;51;14;30m▂[38;2;42;1;18m▃[0m [38;2;17;1;8m    [38;2;48;0;20m▗[38;2;27;3;13;48;2;62;51;89m▘[38;2;59;43;77;48;2;68;70;111m▔[38;2;60;46;80;48;2;81;92;130m▖[38;2;100;122;159;48;2;70;74;113m▘[38;2;70;75;116;48;2;67;67;105m╵[38;2;68;71;107;48;2;69;73;112m▃[38;2;56;37;64;48;2;66;67;103m┌[38;2;52;19;43;48;2;60;48;81m▆[38;2;64;68;96;48;2;67;70;104m▅[38;2;64;69;99;48;2;63;64;92m╵[0m
 [38;2;68;53;61m▝[38;2;42;34;39;48;2;68;60;67m▏[38;2;77;85;86;48;2;73;76;81m╵[38;2;73;76;81;48;2;77;84;86m▁[38;2;77;84;85;48;2;77;83;86m╵[38;2;72;74;77;48;2;77;85;86m╺[38;2;71;74;77;48;2;75;80;82m┈[38;2;50;7;29;48;2;64;54;68m▂[38;2;65;67;96;48;2;52;20;43m━[0m[38;2;61;51;82m▆[38;2;61;53;84m▅[7m[38;2;68;63;96m▀[38;2;63;54;87m▀[0m[38;2;50;6;28;48;2;59;43;74m╵[38;2;60;49;85;48;2;64;62;99m╹[38;2;60;48;82;48;2;67;70;107m▔[38;2;66;68;104;48;2;67;71;107m╲[38;2;58;43;72;48;2;66;70;103m╴[38;2;67;70;105;48;2;64;68;96m▀[38;2;65;69;101;48;2;63;65;91m▀[38;2;64;68;96;48;2;62;64;87m▀[38;2;51;21;43;48;2;61;62;84m▝[38;2;51;16;36;48;2;57;49;69m┓[38;2;57;53;68;48;2;60;60;77m╶[0m
 [38;2;0;0;0m [0m [7m[38;2;67;47;57m▆[38;2;63;55;62m▃[38;2;71;72;76m▂[0m[38;2;57;34;47;48;2;74;79;81m▃[38;2;56;39;56;48;2;68;70;76m▕[38;2;143;139;156;48;2;67;64;90m╹[38;2;49;0;20;48;2;54;29;51m╵[38;2;54;32;55;48;2;62;63;85m▘[38;2;61;60;81;48;2;61;61;86m╷[38;2;57;48;70;48;2;66;68;96m▂[38;2;66;70;101;48;2;64;67;95m╵[38;2;66;70;103;48;2;63;63;91m╵[38;2;65;69;101;48;2;63;65;89m▀[38;2;63;64;85;48;2;64;68;96m▃[38;2;64;68;93;48;2;62;62;86m╵[38;2;59;59;76;48;2;62;64;88m▂[38;2;62;64;86;48;2;59;60;77m▀[38;2;61;62;81;48;2;59;59;73m▀[38;2;52;24;40;48;2;58;55;71m▗[38;2;49;14;31;48;2;57;55;69m▂[38;2;50;30;48;48;2;51;46;58m▔[38;2;48;5;23;48;2;49;31;46m╺[0m
 [38;2;0;0;0m [38;2;74;44;55m▗[38;2;125;86;99m▅[38;2;121;77;94m▆[7m[38;2;98;52;72m▔[38;2;81;36;55m▔[0m[38;2;49;3;22;48;2;54;34;47m▆[38;2;52;31;44;48;2;58;55;66m▖[38;2;84;100;117;48;2;66;70;81m┕[38;2;65;70;86;48;2;62;64;77m╵[38;2;59;59;70;48;2;63;66;80m╴[38;2;54;39;56;48;2;58;57;71m▝[38;2;61;61;79;48;2;53;51;65m▀[38;2;52;47;61;48;2;60;61;79m▃[48;2;60;60;77m▃[38;2;51;47;61;48;2;59;60;76m▅[38;2;50;44;59;48;2;48;15;33m▋[38;2;49;18;35;48;2;57;51;64m▖[38;2;58;58;70;48;2;58;57;67m╵[38;2;52;27;40;48;2;57;54;64m▁[38;2;55;50;58;48;2;57;56;64m▕[38;2;56;51;60;48;2;52;21;37m▆[38;2;49;14;31;48;2;52;38;50m▘[38;2;49;27;41;48;2;49;42;53m▖[0m
 [38;2;0;0;0m [7m[38;2;72;38;51m▅[38;2;48;18;30m╾[0m[38;2;100;78;90;48;2;64;20;39m╻[38;2;94;65;76;48;2;62;32;46m╸[38;2;70;55;64;48;2;57;44;54m┊[38;2;54;39;49;48;2;57;56;63m▔[38;2;64;62;84;48;2;58;56;63m▃[38;2;69;72;95;48;2;59;59;68m▂[38;2;69;74;98;48;2;59;57;73m╴[38;2;52;30;44;48;2;55;47;65m╹[38;2;56;51;76;48;2;51;45;56m▃[38;2;47;42;52;48;2;53;48;65m╴[38;2;57;57;72;48;2;49;44;57m╾[38;2;54;52;63;48;2;47;42;52m▔[38;2;51;47;57;48;2;48;42;52m╵[38;2;46;41;51;48;2;47;37;49m╵[38;2;47;40;51;48;2;46;37;49m╵[38;2;48;10;27;48;2;49;29;43m┍[38;2;50;16;33;48;2;55;51;59m▘[38;2;56;51;60;48;2;56;52;60m╴[38;2;53;51;59;48;2;55;51;59m╶[38;2;61;61;78;48;2;56;50;64m╶[38;2;51;19;39;48;2;54;43;58m▝[0m
 [38;2;76;61;72m▃[38;2;70;60;68;48;2;34;8;20m▅[38;2;96;96;100;48;2;63;46;58m┊[38;2;34;1;15;48;2;61;50;58m▁[38;2;48;2;22;48;2;57;51;63m▁[38;2;51;24;47;48;2;56;48;68m━[38;2;54;42;63;48;2;58;54;75m▏[38;2;52;21;38;48;2;58;54;79m▔[38;2;60;58;92;48;2;58;54;80m▂[38;2;52;28;52;48;2;57;52;80m▝[38;2;55;47;70;48;2;56;50;75m╴[38;2;56;51;77m╴[38;2;52;26;50;48;2;54;44;68m╸[38;2;32;1;14;48;2;50;39;59m▁[38;2;52;50;73;48;2;46;25;39m╴[38;2;47;16;34;48;2;48;40;53m▃[38;2;46;27;41;48;2;46;36;47m╷[38;2;49;20;36;48;2;50;36;47m╸[38;2;57;52;60;48;2;55;50;58m╵[38;2;56;52;60;48;2;54;51;59m▘[38;2;50;29;42;48;2;53;48;57m╲[38;2;50;17;34;48;2;54;44;59m╲[38;2;50;23;41;48;2;56;51;68m┕[38;2;54;39;58;48;2;51;16;38m▊[0m
[38;2;51;31;43m▝[38;2;62;52;62m▀[7m[38;2;48;30;42m▅[0m[38;2;25;2;12m▔[0m [7m[38;2;30;1;14m▆[0m[38;2;49;13;38m▀[38;2;30;1;13;48;2;54;39;72m▁[38;2;47;2;23;48;2;56;50;81m▃[38;2;49;10;35;48;2;56;44;76m▁[38;2;44;9;28;48;2;51;34;59m╷[0m[7m[38;2;50;30;52m▂[38;2;50;18;40m▃[0m[38;2;44;3;22m▔[38;2;48;20;36m▗[38;2;46;29;43;48;2;47;19;34m╴[38;2;47;15;33;48;2;48;4;23m╺[38;2;67;60;67;48;2;51;13;30m┎[38;2;48;3;22;48;2;52;31;43m╽[38;2;52;19;34;48;2;53;44;53m▗[38;2;52;32;47;48;2;56;53;66m▖[38;2;50;21;37;48;2;55;41;59m▎[38;2;52;34;52;48;2;55;48;65m▍[38;2;48;2;22;48;2;56;45;68m▕[0m[7m[38;2;47;15;35m▅[0m
 [38;2;0;0;0m      [38;2;27;1;12m▝[38;2;34;1;15m▝[0m [38;2;42;1;18m▔[0m [38;2;0;0;0m [38;2;39;10;24m▝[7m[38;2;49;16;33m▆[38;2;49;17;34m▅[38;2;47;8;26m▆[0m[38;2;65;49;58m▘[38;2;30;2;14m▔[38;2;31;3;15;48;2;59;40;51m▏[0m[7m[38;2;44;18;35m▖[38;2;52;36;55m▂[38;2;56;43;68m▁[38;2;50;33;57m▂[0m [0m
 [38;2;0;0;0m                 [0m  [38;2;0;0;0m     [0m
