[0m[38;2;87;157;195;48;2;91;165;204m▅[38;2;86;157;195;48;2;92;166;206m▖[38;2;112;184;222;48;2;90;163;201m▌[38;2;86;156;195;48;2;91;165;204m▅[38;2;86;157;195m▅[38;2;94;168;207;48;2;127;195;231m▊[38;2;118;190;226;48;2;88;160;199m▏[38;2;84;154;191;48;2;89;162;200m▃[38;2;86;158;196;48;2;93;168;207m▖[38;2;101;176;215m▕[38;2;94;169;209;48;2;88;160;198m▘[0m[38;2;83;151;188m▋           [0m
[38;2;77;142;177;48;2;82;150;186m▅[38;2;78;145;180;48;2;84;153;190m▅[38;2;104;177;215;48;2;91;158;194m╵[38;2;81;149;185;48;2;76;142;176m▀[38;2;77;142;177;48;2;81;149;186m▅[38;2;50;101;117;48;2;86;153;187m╷[38;2;109;183;222;48;2;80;147;182m▏[38;2;75;141;175;48;2;80;147;183m▃[38;2;76;143;176;48;2;83;152;189m▖[38;2;41;83;101;48;2;91;161;198m╷[38;2;86;156;194;48;2;78;145;180m▍[38;2;80;146;183;48;2;77;143;178m╵[0m[38;2;70;131;163m▖          [0m
[38;2;77;144;178;48;2;71;134;167m▏[38;2;70;132;165;48;2;74;139;173m▆[38;2;98;175;216;48;2;83;151;185m╵[38;2;72;135;168;48;2;71;133;166m╵[38;2;69;129;162;48;2;72;135;168m▃[38;2;61;114;137;48;2;73;136;168m╵[38;2;94;170;208;48;2;71;134;167m▎[38;2;69;130;163;48;2;73;137;170m▅[38;2;71;134;166;48;2;78;144;179m▌[38;2;31;68;85;48;2;87;158;194m┃[38;2;89;162;198;48;2;73;136;170m▏[38;2;67;126;158;48;2;71;134;167m▂[38;2;73;135;169;48;2;70;132;165m╶[0m[38;2;77;143;178m▆[38;2;78;143;175m▖        [0m
[38;2;85;156;192;48;2;67;127;158m▍[38;2;66;125;156;48;2;63;121;150m▀[38;2;38;79;96;48;2;75;138;170m╻[38;2;87;158;196;48;2;71;134;166m▎[38;2;64;123;153;48;2;67;126;157m━[38;2;69;130;161;48;2;49;94;115m▋[38;2;87;157;195;48;2;68;129;160m▌[38;2;63;122;152;48;2;66;126;156m▅[38;2;65;124;154;48;2;73;136;169m▋[38;2;28;65;80;48;2;82;149;184m┃[38;2;82;151;186;48;2;68;128;160m▍[38;2;64;126;154;48;2;63;121;150m╵[38;2;35;77;96;48;2;66;125;156m▂[38;2;52;102;125;48;2;66;126;156m┌[38;2;29;64;82;48;2;64;120;148m▏[0m[38;2;27;56;67m▖[0m [38;2;0;0;0m      [0m
[38;2;51;98;119;48;2;71;132;164m▏[38;2;36;76;93;48;2;65;123;153m╼[38;2;31;67;85;48;2;60;115;142m╹[38;2;65;123;151;48;2;81;147;181m▌[38;2;39;80;97;48;2;83;151;187m▔[38;2;40;82;101;48;2;74;137;170m▔[38;2;55;105;129;48;2;61;116;144m┉[38;2;41;84;102;48;2;62;119;147m─[38;2;54;105;127;48;2;66;125;154m╴[38;2;87;158;198;48;2;74;136;169m╶[38;2;36;76;93;48;2;63;118;146m┍[38;2;63;121;150;48;2;35;76;95m▆[38;2;72;137;169;48;2;85;155;192m▘[38;2;36;80;96;48;2;68;128;158m╱[38;2;70;106;122;48;2;36;77;96m▕[38;2;146;194;213;48;2;71;111;127m┒[38;2;71;133;165;48;2;8;29;38m▆[0m[38;2;74;136;170m▆[7m[38;2;81;146;183m▔[0m[38;2;85;155;194m▆[7m[38;2;62;118;146m▀[0m [38;2;32;60;76m [0m
[38;2;90;163;202;48;2;73;136;170m▍[38;2;69;129;162;48;2;72;135;169m▀[38;2;79;147;181;48;2;71;134;167m▕[38;2;84;153;190;48;2;91;165;203m▏[38;2;92;168;206;48;2;90;163;201m▃[38;2;71;134;166;48;2;89;161;200m▝[38;2;87;159;197;48;2;70;131;164m▁[38;2;70;131;163;48;2;87;157;196m▀[38;2;81;147;184;48;2;90;163;202m▔[38;2;91;165;204;48;2;89;160;199m▅[38;2;67;127;159;48;2;79;145;179m▔[38;2;91;165;204;48;2;74;138;172m▃[38;2;67;120;145;48;2;89;160;197m╺[38;2;70;132;163;48;2;88;159;196m▕[38;2;52;102;126;48;2;67;126;157m╵[38;2;56;106;131;48;2;68;129;161m▔[38;2;72;133;165;48;2;90;164;203m▍[38;2;90;163;202;48;2;92;167;205m▀[38;2;92;167;205;48;2;89;162;201m▅[38;2;77;137;171;48;2;90;165;204m▕[38;2;72;134;168;48;2;68;129;161m▃[38;2;57;106;128;48;2;64;120;150m╶[0m[38;2;80;137;167m▖[0m
[38;2;97;174;213;48;2;99;175;215m╵[38;2;102;178;218;48;2;79;144;179m▅[38;2;86;157;195;48;2;100;176;215m▘[38;2;103;179;218;48;2;96;173;213m▃[38;2;97;177;217;48;2;99;174;214m╴[38;2;47;93;111;48;2;94;167;204m╶[38;2;72;131;158;48;2;98;174;213m━[38;2;81;146;177;48;2;94;169;208m╶[38;2;98;176;215;48;2;94;170;210m▃[38;2;78;142;171;48;2;94;169;207m▗[38;2;95;173;213;48;2;92;166;204m╶[38;2;95;171;211;48;2;98;176;216m▀[38;2;61;116;141;48;2;94;169;208m╻[38;2;79;144;176;48;2;90;162;200m▔[38;2;57;104;126;48;2;79;145;181m▔[38;2;41;82;103;48;2;73;135;168m▝[38;2;32;67;84;48;2;66;121;148m╍[38;2;37;78;97;48;2;75;137;169m┒[38;2;67;122;147;48;2;95;170;209m▁[38;2;87;157;191;48;2;96;170;209m╵[38;2;65;119;145;48;2;79;146;180m╺[38;2;58;106;132;48;2;77;141;174m▁[0m[38;2;66;122;152m▊[0m
[38;2;112;183;221;48;2;113;185;223m▁[38;2;96;167;206;48;2;111;184;223m▂[38;2;90;162;201;48;2;108;181;220m▃[38;2;53;99;123;48;2;94;165;202m▕[38;2;52;102;127;48;2;97;165;201m▁[38;2;22;53;67;48;2;77;136;167m▖[38;2;28;63;81;48;2;98;168;206m━[38;2;34;74;92;48;2;91;161;197m╾[38;2;45;90;111;48;2;80;146;179m┒[38;2;97;168;205;48;2;44;87;106m▊[38;2;106;180;220;48;2;103;176;214m╶[38;2;97;170;208;48;2;105;180;219m▕[38;2;48;95;117;48;2;81;147;181m┖[38;2;72;129;159;48;2;99;172;210m▁[38;2;88;158;197;48;2;84;155;192m▅[38;2;88;159;198;48;2;84;155;191m▅[38;2;102;176;214;48;2;97;167;202m╴[38;2;47;91;115;48;2;92;156;188m▝[38;2;107;179;216;48;2;56;97;116m▃[38;2;38;67;82;48;2;79;125;148m┕[0m[7m[38;2;58;90;106m╺[0m[38;2;53;92;110m▁[0m [0m
[38;2;89;163;200;48;2;90;162;201m╵[38;2;91;164;202;48;2;89;160;199m▀[38;2;89;161;199;48;2;91;164;203m▅[38;2;84;153;188;48;2;40;83;102m▊[38;2;32;69;85;48;2;103;164;194m▘[38;2;122;193;228;48;2;121;191;227m╴[38;2;17;42;55;48;2;116;184;221m▁[38;2;52;92;111;48;2;112;183;222m▂[38;2;103;173;211;48;2;44;89;110m▘[38;2;29;67;84;48;2;90;157;192m▁[38;2;36;76;94;48;2;83;149;182m▘[38;2;96;168;205;48;2;83;153;189m▔[38;2;83;151;188;48;2;84;155;191m▆[38;2;64;118;146;48;2;76;142;175m╵[38;2;60;114;140;48;2;73;137;169m╺[38;2;50;99;121;48;2;71;132;164m╸[38;2;77;139;173;48;2;89;159;196m▎[38;2;81;150;186;48;2;89;158;194m╴[0m[7m[38;2;75;137;168m▁[38;2;90;154;185m▅[0m[38;2;78;140;172m▀[38;2;83;149;183m▀[0m [0m
[38;2;83;152;189;48;2;86;155;194m▂[38;2;82;151;188;48;2;86;156;194m▂[38;2;82;151;187;48;2;85;155;194m▂[38;2;83;151;187;48;2;48;89;108m▌[38;2;127;194;230;48;2;125;193;228m╵[38;2;126;193;229;48;2;120;186;219m╴[38;2;68;117;137;48;2;124;192;227m▔[38;2;114;183;218;48;2;74;132;164m▘[38;2;65;124;154;48;2;62;119;149m▁[38;2;41;85;105;48;2;63;121;151m▔[38;2;50;100;123;48;2;58;112;139m╵[38;2;32;70;88;48;2;70;130;161m╸[38;2;55;106;130;48;2;76;140;173m▁[38;2;45;94;115;48;2;81;150;186m▂[38;2;3;25;36;48;2;80;149;185m▁[38;2;26;63;79;48;2;79;145;180m▁[38;2;81;151;187;48;2;66;126;157m╴[38;2;28;62;78;48;2;64;121;151m╼[0m[38;2;47;90;112m▂[0m [38;2;0;0;0m   [0m
[7m[38;2;81;148;184m▅[0m[38;2;71;131;164m▀[38;2;76;141;176m▀[38;2;50;100;126m▀[38;2;85;138;164m▀[7m[38;2;111;175;209m▂[38;2;122;189;225m▁[0m[38;2;88;153;187;48;2;75;137;170m▅[38;2;82;149;185;48;2;71;132;165m▅[38;2;66;122;150;48;2;80;147;183m▁[38;2;89;158;195;48;2;73;135;166m╶[38;2;59;109;135;48;2;80;148;183m▁[38;2;70;130;160;48;2;76;138;170m╵[0m[7m[38;2;52;98;122m▁[38;2;38;80;99m▆[0m[38;2;61;115;143m▀[38;2;60;115;145m▀[38;2;62;119;149m▀[38;2;63;121;152m▀[7m[38;2;48;93;116m▃[0m[38;2;44;84;104m╸  [0m
